$ANSIBLE_VAULT;1.1;AES256
66633136323964646365393761616331313862626132626563313566626335366533643037643932
6132356633623462316233306138393363386439326339330a306636333966386466663766336133
31613965386534323033613939326433333265616232396461633663373836643764373862643862
3834383261306261360a363763306133316161326237326662646466303339313636653834376536
65366264623335613162626135633363383334316161396137663933623165323162616434343436
31643337646337303338343061333261366664643663663236343963313662613033356437346632
35353161326666663264396663313761386130393364616165356135313265353463316138626137
64333537393163363833333735636664383737623761373239626565336630313730343531366439
39343665333838336462376661303634306331333035373833333437356434613233346564653563
32333364336561363235616266623931626533656138313536343466653761343234626537303962
64323063353565333364323861376539313065643630343661366465643664613630326235303232
35396539373734633531316439363938333534326163626232396636393231633534373338333165
63326130366531623436333135356232356262373034613130633765636234366463353939613464
39396534346634313365623231363332333834363839663935316365313761306565643066303537
38636535333437326166306534343139656437303464633537363165356234636337633638393661
35316331386261343736666366363965386139353037326538643562663232373637623338383135
33373563383937333862366166623664333630313034373865346363383731393136373763363038
62393132643363666437643864373933643761346133383638333361306630323336373761333233
36326433353165373261336333356666623436326361353738633130316534633435613162343539
66643532653834383430386431393466383562383430363136303263326433323461643162363130
31633061663339393362366264306662306138643262643439616562343663326163383766623137
30316165346534353236646130623764336662303766653461343361323532373239313266666432
65353536316633636532626434363031306666653239323237373431363036333838336439373465
61383261613164346338306566393330353233633535623662303764313861346339636565623130
31633833323830376461646665366434636233313437326330326338306233333465336433303731
34653264626637663966663261356330613861386331626564653265613930643638653439656333
38396239326165366166663333393330383563666364366239656365346136356364376131336230
65623237366664666134623836646538383930366565633337666538393430363335643166623238
34383830393734306534646637386638343835373639653263343334663434643630306533303836
34616533363662336236356561383632333766633965633338383965343633663639363937343139
63373338613538336431363765653834323935393632393331626162666666626166393432336434
32663632306436376230373532356636623936326461623330616361353431373862663338326134
63386131313266376135323066333830616132363635396238623832316335636530653566613335
31373239396235316335653364346239623932613166366636643336643730393235616564386662
34643339663830356337373061663535323133346464663131363664393665306266353633336565
30383730666535306630346332386261303961633163343030663833383034626262653633366466
34356133363935313863626630663339616332616132656135396362306136343533653661373531
34333765316566383561346462663632353737346461323431333930376539333632313430666230
31396662623864396338303562356231653034653230363838366234646464333763353834316463
63343238613531663563333964666565346437336663346262396162343133653966383431323963
65613262656630613062316439666265666365346539313565363537306532333638663761323461
39363230346437356637353538343831333438306663323763323966323831383938303466383266
39643331633135646337363461336366316236323637393032646339653636363965363630393764
37323539646666623666393933373562313436366135623232333531666436633135356535363962
66376133666161356562323932333862616235336366616537363537343436303532633637333133
61303836383061623331336231353164383037323835623361643837373536636435633035323833
36366635356636336438636130346532323261653163633338663131313032663235356464353037
66353034336166383837386164353661366135646138656638363663343133386533366235346263
63363364373636663165623536393733346462313531643734383632616134346164663335356633
34613630313337373966363965373139343938326265383436373233323634383634336534373762
33383561373536616564336261393163346665343930333937386264306332313933383630613839
65613262306631666639323030656233326662346230386365633333386434373933633565643137
64323533326434393065386265613866613765373464353563303366636365623130303537666237
38623634646663346535616235306466623437323661336438343865663337373937633261616532
34396435616665663939333765616464363033656437623862653832373132616464363262336631
61313363646466386261633031336463666133326465363662663032313833306664656237653337
30633334343130323563313331356430356138396432303865323439386635326131383261323863
64333732333537383035326333633531323338343262386638363030336461343135346330393638
66613532356564613964653334313536623239623335303965356562346438386365323735316338
65363564343839626663326539646461373135636366636632383432666338353433613336333630
31336165326137373861643765363661353835343565303866626364346234393731643838616164
35363739666639316634646236663037373837393039306535393263653565346263353132643532
61633063613664343238313431383166656238306161663036353062626263613835313632613435
34333866393433663330663264326436373233336333303732306161653330356235633736303030
31303733363331343261643162613631643337303261646638373864646137623739373932353739
32643537633362376332363666336236363839636638336239326461366465636237386434653438
32663662343334313639396464323933363135373864383534633064383131383237386261306132
33336431353966323666336236333235393138633136386466613864633766316133333139396565
65316134623166663133653332353132393432393462623132343936306563646661613132343737
63363630333437323732313161633863343632393237613338613133353261643035313138316130
31383437343861666532303866323037616234633933623665343833373662383532363330306434
32613564356137313330393566616138666565636530336566313732333363353933643735656433
30356233316239386138383035656364666563323361663663646134306266343965626238656637
64336539323836363637663164653430663361353334633434356334623834303631393133613032
37323131346366383533303066353561666266363639353237643765376261613934303565623166
34373138323161303235343531666631373730303562383533336236353366376562333436393361
65386136366338316339653862393761633965396632333561386263323562393637343339376131
64386434343731343533633533356138643131623339663362393561356631363763383231316136
61353532386332313136386263613536653939616464356662626133366136666463333231383636
30636634333964643633616361613033633165343134366565333834626436306631626235653032
32383664373433393137613935303463316239626136323831376631613630346236323630363963
36363361636133626661346565323235393433383962653630393938336335616333343764316264
66653333333135666433313163343961643161323766623963393463306530393733363165633564
63636266356265326534613963313931613338616332336565336630613463653765306266393531
36323365313430666364626636306161633764346235383630393838613939626133643637383863
32333836336132373763646330306163366432643235623232633535636461343938356236626330
39666264363964393166363664326166396461616630346532306339663130333138303937333164
66636139633063656434
